QGC WPL 110
0    1   0   16  0.000000    0.000000    0.000000    0.000000    43.47917960688476    -80.52704943477717     30.000000      1 
1    0   0   16  0.000000    0.000000    0.000000    0.000000    43.47875045344238    -80.52704943477717     30.000000      1 
2    0   0   16  0.000000    0.000000    0.000000    0.000000    43.478321300000000   -80.52704943477717     30.000000      1 
3    0   0   16  0.000000    0.000000    0.000000    0.000000    43.477892146557615   -80.52704943477717     30.000000      1 
4    0   0   16  0.000000    0.000000    0.000000    0.000000    43.47746299311523    -80.52704943477717     30.000000      1 
5    0   0   16  0.000000    0.000000    0.000000    0.000000    43.47746299311523    -80.52662028133479     30.000000      1 
6    0   0   16  0.000000    0.000000    0.000000    0.000000    43.477892146557615   -80.52662028133479     30.000000      1 
7    0   0   16  0.000000    0.000000    0.000000    0.000000    43.478321300000000   -80.52662028133479     30.000000      1 
8    0   0   16  0.000000    0.000000    0.000000    0.000000    43.47875045344238    -80.52662028133479     30.000000      1 
9    0   0   16  0.000000    0.000000    0.000000    0.000000    43.47917960688476    -80.52662028133479     30.000000      1 
10    0   0   16  0.000000    0.000000    0.000000    0.000000    43.47917960688476    -80.5261911278924      30.000000     1 
11    0   0   16  0.000000    0.000000    0.000000    0.000000    43.47875045344238    -80.5261911278924      30.000000     1 
12    0   0   16  0.000000    0.000000    0.000000    0.000000    43.478321300000000   -80.5261911278924      30.000000     1 
13    0   0   16  0.000000    0.000000    0.000000    0.000000    43.477892146557615   -80.5261911278924      30.000000     1 
14    0   0   16  0.000000    0.000000    0.000000    0.000000    43.47746299311523    -80.5261911278924      30.000000     1 
15    0   0   16  0.000000    0.000000    0.000000    0.000000    43.47746299311523    -80.52576197445002     30.000000     1 
16    0   0   16  0.000000    0.000000    0.000000    0.000000    43.477892146557615   -80.52576197445002     30.000000     1 
17    0   0   16  0.000000    0.000000    0.000000    0.000000    43.478321300000000   -80.52576197445002     30.000000     1 
18    0   0   16  0.000000    0.000000    0.000000    0.000000    43.47875045344238    -80.52576197445002     30.000000     1 
19    0   0   16  0.000000    0.000000    0.000000    0.000000    43.47917960688476    -80.52576197445002     30.000000     1 
20    0   0   16  0.000000    0.000000    0.000000    0.000000    43.47917960688476    -80.52533282100764     30.000000     1 
21    0   0   16  0.000000    0.000000    0.000000    0.000000    43.47875045344238    -80.52533282100764     30.000000     1 
22    0   0   16  0.000000    0.000000    0.000000    0.000000    43.478321300000000   -80.52533282100764     30.000000     1 
23    0   0   16  0.000000    0.000000    0.000000    0.000000    43.477892146557615   -80.52533282100764     30.000000     1 
24    0   0   16  0.000000    0.000000    0.000000    0.000000    43.47746299311523    -80.52533282100764     30.000000     1